=== Run information ===

Scheme:       weka.classifiers.bayes.NaiveBayes 
Relation:     R_data_frame-weka.filters.unsupervised.instance.RemovePercentage-P50.0
Instances:    25177
Attributes:   11
              BR
              CondPista
              RestrVisibili
              TipoAcident
              CausaAcident
              TracadoVia
              TipoAuto
              DiaDaSemana
              KMArredondado
              Delegacia
              Periodo
Test mode:    user supplied test set:  size unknown (reading incrementally)

=== Classifier model (full training set) ===

Naive Bayes Classifier

                                     Class
Attribute                            BR101     BR104     BR110     BR116     BR232     BR316     BR407     BR408     BR423     BR424     BR428
                                    (0.42)    (0.06)       (0)    (0.01)    (0.28)    (0.03)    (0.04)    (0.03)    (0.04)    (0.02)    (0.06)
===============================================================================================================================================
CondPista
  Com buraco                          720.0      17.0       2.0       3.0      69.0       9.0       2.0       5.0      10.0       3.0       4.0
  Com Gelo                              3.0       1.0       1.0       1.0       2.0       1.0       1.0       1.0       1.0       1.0       1.0
  Com material granulado               19.0      18.0       2.0       1.0      44.0       2.0       1.0       7.0       3.0       2.0       3.0
  Em obra                              93.0      57.0       2.0       4.0      44.0      19.0       2.0      37.0      13.0       3.0      19.0
  Enlameada                            21.0       1.0       1.0       1.0       5.0       1.0       1.0       1.0       1.0       1.0       1.0
  Escorregadia                         88.0       8.0       1.0       2.0      40.0       5.0       3.0      21.0       9.0       6.0       3.0
  Molhada                            1521.0     173.0      10.0      26.0    1123.0      31.0      23.0     169.0     146.0      64.0      27.0
  Oleosa                               12.0       1.0       1.0       2.0       5.0       1.0       3.0       3.0       3.0       1.0       6.0
  Outra                                30.0       5.0       1.0       1.0      32.0      10.0       4.0       4.0       7.0       6.0       8.0
  Seca                               7960.0    1292.0      72.0     280.0    5803.0     722.0     984.0     599.0     832.0     475.0    1335.0
  [total]                           10467.0    1573.0      93.0     321.0    7167.0     801.0    1024.0     847.0    1025.0     562.0    1407.0

RestrVisibili
  Cartazes/faixas                       7.0       2.0       1.0       1.0       4.0       1.0       1.0       1.0       1.0       1.0       2.0
  Configuração do terreno             215.0      46.0       3.0      13.0     211.0      10.0       8.0      50.0      47.0      39.0       7.0
  Inexistente                        9783.0    1458.0      78.0     284.0    6666.0     743.0     965.0     722.0     883.0     481.0    1294.0
  Ofuscamento                          48.0      13.0       4.0      10.0      68.0      17.0      17.0       6.0      31.0      11.0      42.0
  Outros                              332.0      25.0       2.0       4.0     148.0      20.0      22.0      53.0      43.0      14.0      50.0
  Placas                                9.0       4.0       1.0       1.0       4.0       1.0       2.0       5.0       1.0       1.0       1.0
  Poeira/fumaça/neblina                23.0      14.0       1.0       4.0      37.0       4.0       1.0       4.0       9.0       8.0       1.0
  Vegetação                            16.0       1.0       1.0       2.0       7.0       1.0       1.0       1.0       2.0       4.0       1.0
  Veículo estacionado                  33.0       9.0       1.0       1.0      21.0       3.0       6.0       4.0       7.0       2.0       8.0
  [total]                           10466.0    1572.0      92.0     320.0    7166.0     800.0    1023.0     846.0    1024.0     561.0    1406.0

TipoAcident
  Atropelamento de animal              99.0      59.0       8.0      33.0     307.0     116.0      18.0      23.0      51.0      36.0     101.0
  Atropelamento de pessoa             365.0      47.0       1.0       3.0     228.0      20.0      11.0      28.0      38.0      22.0      26.0
  Capotamento                         342.0     130.0      22.0      20.0     527.0      64.0      18.0      57.0      95.0      79.0      63.0
  Colisão com bicicleta                82.0      10.0       2.0       4.0      32.0      10.0      13.0       8.0       8.0       6.0      18.0
  Colisão com objeto fixo             281.0      66.0       4.0       6.0     330.0      13.0      33.0      37.0      37.0      18.0      14.0
  Colisão com objeto móvel             38.0       7.0       3.0       5.0      47.0       9.0       6.0       6.0       5.0       6.0       3.0
  Colisão frontal                     159.0     121.0       5.0      20.0     347.0      82.0      36.0      76.0     101.0      77.0      84.0
  Colisão lateral                    3192.0     306.0       4.0      40.0    1003.0      86.0     217.0     130.0     166.0      81.0     257.0
  Colisão Transversal                 820.0     171.0       8.0      46.0     523.0      66.0     165.0      79.0     142.0      55.0     288.0
  Colisão traseira                   3712.0     424.0       7.0      50.0    2291.0     112.0     416.0     222.0     223.0      78.0     363.0
  Danos Eventuais                      40.0       3.0       1.0       3.0      22.0       2.0       5.0       4.0       8.0       3.0       2.0
  Derramamento de Carga                22.0       3.0       1.0       1.0      13.0       2.0       2.0       2.0       3.0       1.0       2.0
  Incêndio                             34.0       4.0       1.0       9.0      30.0       9.0       4.0       5.0       5.0       2.0       7.0
  QuedaMoto/bicla                     361.0      68.0       7.0      11.0     234.0      29.0      19.0      21.0      29.0      15.0      43.0
  Saída de Pista                      688.0     118.0      17.0      58.0    1071.0     142.0      53.0     142.0      74.0      66.0     123.0
  Tombamento                          238.0      42.0       8.0      18.0     168.0      45.0      14.0      13.0      46.0      23.0      19.0
  [total]                           10473.0    1579.0      99.0     327.0    7173.0     807.0    1030.0     853.0    1031.0     568.0    1413.0

CausaAcident
  Animais na Pista                    124.0      65.0      14.0      42.0     400.0     171.0      35.0      31.0      65.0      45.0     139.0
  Defeito mecânico                    279.0      69.0       3.0      20.0     351.0      44.0      31.0      39.0      57.0      29.0      45.0
  Defeito na via                      537.0      31.0       2.0       7.0     166.0      12.0       6.0      28.0      21.0       4.0      15.0
  Desobediência à sinalização         370.0     101.0       1.0      19.0     204.0      14.0     114.0      42.0      45.0      23.0     159.0
  Dormindo                            161.0      42.0       5.0      11.0     219.0      19.0      22.0      25.0      29.0      14.0      27.0
  Falta de atenção                   4331.0     461.0      28.0      74.0    2119.0     230.0     288.0     242.0     337.0     156.0     410.0
  Ingestão de álcool                  298.0     131.0      10.0      30.0     402.0      51.0      60.0      29.0     112.0      76.0     101.0
  Não guardar distância segura       1357.0     101.0       3.0      17.0     794.0      22.0     266.0      57.0      51.0      17.0     204.0
  Outras                             2423.0     475.0      23.0      68.0    1898.0     179.0     154.0     287.0     191.0     130.0     230.0
  Ultrapassagem indevida              143.0      34.0       1.0      20.0     214.0      28.0      26.0      25.0      66.0      29.0      51.0
  Velocidade incompatível             445.0      64.0       4.0      14.0     401.0      32.0      23.0      43.0      52.0      40.0      27.0
  [total]                           10468.0    1574.0      94.0     322.0    7168.0     802.0    1025.0     848.0    1026.0     563.0    1408.0

TracadoVia
  Cruzamento                          247.0     117.0       1.0      15.0     147.0       8.0     161.0      23.0      31.0      19.0     168.0
  Curva                              1459.0     298.0      31.0      51.0    1124.0      46.0     161.0     157.0     150.0     136.0     109.0
  Reta                               8754.0    1151.0      54.0     248.0    5889.0     740.0     695.0     660.0     837.0     400.0    1123.0
  [total]                           10460.0    1566.0      86.0     314.0    7160.0     794.0    1017.0     840.0    1018.0     555.0    1400.0

TipoAuto
  Automóvel                          2160.0     430.0      34.0      60.0    2395.0     203.0     201.0     295.0     253.0     163.0     289.0
  Bicicleta                            30.0       7.0       1.0       3.0      23.0       2.0       3.0       7.0       4.0       5.0       8.0
  Caminhão                           1364.0     151.0      11.0      50.0     749.0      95.0     117.0      85.0     130.0      57.0     139.0
  Caminhão-Tanque                       3.0       3.0       1.0       1.0       6.0       1.0       1.0       1.0       1.0       2.0       2.0
  Caminhão-Trator                    1795.0      58.0       3.0      74.0     470.0      93.0      52.0      13.0      89.0      28.0      43.0
  Caminhonete                         838.0     199.0       9.0      37.0     890.0      93.0     156.0      94.0     104.0      77.0     171.0
  Camioneta                           500.0      80.0       8.0       6.0     341.0      22.0      41.0      63.0      40.0      21.0      37.0
  Carroça                               3.0       2.0       1.0       1.0       7.0       1.0       2.0       1.0       3.0       3.0       4.0
  Carro-de-mao                          1.0       1.0       1.0       1.0       1.0       1.0       1.0       1.0       1.0       1.0       1.0
  Charrete                              1.0       1.0       1.0       1.0       2.0       1.0       1.0       1.0       1.0       1.0       1.0
  Ciclomotor                           78.0      10.0       1.0       5.0      44.0       8.0      12.0       5.0       9.0       2.0      33.0
  Microônibus                         124.0      45.0       3.0       9.0     105.0      23.0      19.0      14.0      37.0      21.0      41.0
  Motocicletas                       1645.0     342.0      17.0      56.0    1205.0     180.0     272.0     138.0     213.0     105.0     438.0
  Motoneta                             93.0      47.0       2.0       3.0     118.0      11.0      35.0      12.0      29.0       6.0      45.0
  Não identificado                    426.0      65.0       2.0       5.0     226.0      24.0      44.0      32.0      37.0      29.0      47.0
  Não Informado                         1.0       1.0       1.0       1.0       1.0       1.0       1.0       1.0       1.0       1.0       1.0
  Não se Aplica                       355.0      48.0       1.0       3.0     235.0      25.0      14.0      31.0      37.0      26.0      29.0
  Ônibus                              952.0      66.0       2.0      12.0     244.0      13.0      42.0      52.0      33.0       9.0      70.0
  Quadriciclo                           1.0       1.0       1.0       1.0       2.0       1.0       1.0       1.0       1.0       1.0       1.0
  Reboque                               7.0       3.0       1.0       1.0       2.0       1.0       3.0       1.0       1.0       1.0       3.0
  Semi-Reboque                         15.0       1.0       2.0       1.0       8.0       1.0       5.0       1.0       3.0       1.0       2.0
  Trator de esteiras                    1.0       1.0       1.0       1.0       1.0       1.0       1.0       1.0       1.0       1.0       1.0
  Trator de rodas                      10.0       2.0       1.0       1.0       7.0       2.0       2.0       2.0       2.0       5.0       1.0
  Trator misto                          2.0       1.0       1.0       1.0       1.0       1.0       1.0       1.0       1.0       1.0       1.0
  Triciclo                              6.0       1.0       1.0       1.0       1.0       1.0       1.0       1.0       1.0       1.0       2.0
  Utilitário                           72.0      23.0       2.0       2.0      99.0      12.0      12.0       9.0       9.0      10.0      13.0
  [total]                           10483.0    1589.0     109.0     337.0    7183.0     817.0    1040.0     863.0    1041.0     578.0    1423.0

DiaDaSemana
  Domingo                            1052.0     262.0      22.0      50.0    1052.0     146.0     104.0     136.0     171.0     103.0     197.0
  Quarta-feira                       1539.0     195.0       8.0      42.0     865.0      97.0     143.0     116.0     128.0      62.0     199.0
  Quinta-feira                       1560.0     215.0      13.0      43.0     951.0      93.0     161.0     113.0     140.0      77.0     196.0
  Sábado                             1254.0     233.0      11.0      47.0    1053.0     152.0     152.0     140.0     149.0     106.0     195.0
  Segunda-feira                      1634.0     258.0       9.0      37.0    1230.0      98.0     157.0     124.0     143.0      70.0     210.0
  Sexta-feira                        1861.0     208.0      14.0      52.0    1109.0     106.0     150.0     120.0     169.0      79.0     226.0
  Terça-feira                        1564.0     199.0      13.0      47.0     904.0     106.0     154.0      95.0     122.0      62.0     181.0
  [total]                           10464.0    1570.0      90.0     318.0    7164.0     798.0    1021.0     844.0    1022.0     559.0    1404.0

KMArredondado
  mean                              69.0038   62.2189  120.8571   40.7828  139.6587  158.2364  116.0877   84.0548   86.2392   72.1496  154.9929
  std. dev.                         28.9149   25.4524    17.335   23.6169  142.1949  116.0446   26.2817   18.9209   37.1815   29.4468   55.2147
  weight sum                          10457      1563        83       311      7157       791      1014       837      1015       552      1397
  precision                          1.0455    1.0455    1.0455    1.0455    1.0455    1.0455    1.0455    1.0455    1.0455    1.0455    1.0455

Delegacia
  mean                                 1101 1102.0006      1103      1105 1101.9047 1104.7646      1106      1101  1102.934      1103 1105.9334
  std. dev.                          0.1667    0.1667    0.1667    0.1667    1.1676    0.4243    0.1667    0.1667    0.2483    0.1667    0.2493
  weight sum                          10455      1562        83       311      7156       790      1014       831      1015       552      1397
  precision                               1         1         1         1         1         1         1         1         1         1         1

Periodo
  Madrugada                           444.0     122.0       8.0      30.0     487.0      66.0      54.0      36.0      95.0      35.0      70.0
  Manhã                              4178.0     483.0      26.0      99.0    2465.0     210.0     310.0     324.0     314.0     150.0     428.0
  Noite                              2204.0     409.0      28.0      86.0    1759.0     268.0     284.0     206.0     292.0     207.0     454.0
  Tarde                              3635.0     553.0      25.0     100.0    2450.0     251.0     370.0     275.0     318.0     164.0     449.0
  [total]                           10461.0    1567.0      87.0     315.0    7161.0     795.0    1018.0     841.0    1019.0     556.0    1401.0



Time taken to build model: 0.15 seconds

=== Evaluation on test set ===

Time taken to test model on supplied test set: 1.12 seconds

=== Summary ===

Correctly Classified Instances        9232               73.3339 %
Incorrectly Classified Instances      3357               26.6661 %
Kappa statistic                          0.6144
Mean absolute error                      0.0588
Root mean squared error                  0.1908
Relative absolute error                 44.4314 %
Root relative squared error             74.5367 %
Total Number of Instances            12589     

=== Detailed Accuracy By Class ===

============== Ajustes para o Latex ==========================================

                 TP Rate  FP Rate  Precision  Recall   F-Measure ROC Area  Class
                 0,947 &  0,277  & 0,734  &   0,947  & 0,827  & 0,914 & BR101\\
                 0,895 &  0,008  & 0,893  &   0,895  & 0,894  & 0,997 & BR104\\
                 0,159 &  0,000  & 0,538  &   0,159  & 0,246  & 0,996 & BR110\\
                 0,833 &  0,010  & 0,510  &   0,833  & 0,633  & 0,995 & BR116\\
                 0,429 &  0,052  & 0,748  &   0,429  & 0,546  & 0,834 & BR232\\
                 0,589 &  0,016  & 0,510  &   0,589  & 0,546  & 0,983 & BR316\\
                 0,772 &  0,003  & 0,901  &   0,772  & 0,832  & 0,996 & BR407\\
                 0,165 &  0,013  & 0,284  &   0,165  & 0,209  & 0,890 & BR408\\
                 0,607 &  0,013  & 0,650  &   0,607  & 0,628  & 0,983 & BR423\\
                 0,377 &  0,006  & 0,594  &   0,377  & 0,461  & 0,988 & BR424\\
                 0,875 &  0,009  & 0,849  &   0,875  & 0,862  & 0,994 & BR428\\

Weighted Avg.    0,733    0,140    0,731      0,733    0,712      0,621    0,912     0,781     

=== Confusion Matrix ===

============== Ajustes para o Latex ==========================================

    a    b     c    d     e     f     g     h      i      j     k    <-- classified as
 5317 &  0  &  0 &  0  & 198  & 0   & 0   & 102  & 0   &  0   & 0   &   a = BR101\\
    0 & 761 &  0 &  0  & 88   & 0   & 0   & 0    & 1   &  0   & 0   &   b = BR104\\
    0 &  0  &  7 &  0  & 12   & 0   & 0   & 0    & 20  &  5   & 0   &   c = BR110\\
    0 &   0 &  0 & 130 & 1    & 24  & 0   & 0    & 0   &  0   & 1   &   d = BR116\\
 1605 &  69 &  0 &  0  & 1424 & 159 & 59  & 0    & 0   &  0   & 0   &   e = BR232\\
    0 &   0 &  0 & 94  & 47   & 206 & 0   & 0    & 0   &  0   & 3   &   f = BR316\\
    0 &   0 &  0 &  0  & 1    & 1   & 346 & 0    & 0   &  0   & 100 &   g = BR407\\
  323 &   0 &  0 &  0  & 1    & 0   & 0   & 64   & 0   &  0   & 0   &   h = BR408\\
    0 &  22 &  5 &  0  & 95   & 0   & 0   & 0    & 290 &  66  & 0   &   i = BR423\\
    0 &   0 &  1 &  0  & 36   & 0   & 0   & 0    & 135 &  104 & 0   &   j = BR424\\
    0 &   0 &  0 & 31  & 0    & 14  & 38  & 0    & 0   &  0   & 583 &   k = BR428\\

